Amino acid,Amino acid position,Codon
E,1,CTC
A,2,TCC
E,3,CCT
D,4,CTC
L,5,TCG
S,6,CGA
K,7,GAC
A,8,ACC
E,9,CCT
D,10,CTC
R,11,TCT
N,12,CTG
E,13,TGA
D,14,GAC
P,15,ACG
G,16,CGC
S,17,GCC
K,18,CCT
N,19,CTC
E,20,TCA
G,21,CAC
Q,22,ACA
L,23,CAC
A,24,ACA
A,25,CAC
V,26,ACC
Q,27,CCT
P,28,CTG
D,29,TGT
V,30,GTG
P,31,TGG
H,32,GGG
G,33,GGC
G,34,GCC
Q,35,CCT
S,36,CTG
S,37,TGT
S,38,GTG
P,39,TGG
T,40,GGG
A,41,GGC
L,42,GCC
W,43,CCA
D,44,CAG
M,45,AGG
L,46,GGA
E,47,GAC
R,48,ACA
K,49,CAC
F,50,ACC
L,51,CCT
E,52,CTT
Y,53,TTT
Q,54,TTA
Q,55,TAC
L,56,ACC
T,57,CCC
H,58,CCT
K,59,CTA
S,60,TAT
P,61,ATC
I,62,TCC
E,63,CCG
R,64,CGA
Q,65,GAG
K,66,AGT
S,67,GTG
L,68,TGA
L,69,GAC
S,70,ACA
L,71,CAG
L,72,AGG
P,73,GGA
L,74,GAA
F,75,AAC
L,76,ACA
K,77,CAG
A,78,AGA
W,79,GAA
E,80,AAG
H,81,AGG
S,82,GGG
V,83,GGC
G,84,GCG
I,85,CGG
I,86,GGG
C,87,GGA
F,88,GAC
P,89,ACA
S,90,CAG
L,91,AGT
Q,92,GTG
R,93,TGC
L,94,GCC
A,95,CCC
E,96,CCC
D,97,CCT
V,98,CTA
S,99,TAG
D,100,AGA
Q,101,GAT
L,102,ATC
A,103,TCT
Q,104,CTG
Q,105,TGC
L,106,GCT
Q,107,CTT
K,108,TTT
A,109,TTG
L,110,TGC
V,111,GCC
G,112,CCA
K,113,CAC
P,114,ACG
A,115,CGG
E,116,GGC
Q,117,GCA
A,118,CAT
R,119,ATG
L,120,TGG
A,121,GGA
A,122,GAG
G,123,AGG
Q,124,GGC
L,125,GCA
L,126,CAG
W,127,AGA
W,128,GAA
K,129,AAG
G,130,AGA
D,131,GAT
V,132,ATC
D,133,TCT
Q,134,CTT
D,135,TTT
G,136,TTC
Y,137,TCA
L,138,CAA
L,139,AAA
L,140,AAG
K,141,AGG
S,142,GGC
V,143,GCT
Y,144,CTG
V,145,TGA
L,146,GAA
T,147,AAG
G,148,AGA
T,149,GAC
D,150,ACA
S,151,CAG
E,152,AGA
T,153,GAA
L,154,AAA
G,155,AAT
R,156,ATG
V,157,TGA
A,158,GAA
E,159,AAG
S,160,AGA
G,161,GAC
L,162,ACC
P,163,CCC
A,164,CCA
L,165,CAG
L,166,AGG
L,167,GGT
Q,168,GTT
C,169,TTC
L,170,TCC
Y,171,CCA
L,172,CAA
F,173,AAA
F,174,AAA
V,175,AAA
F,176,AAT
P,177,ATG
L,178,TGA
D,179,GAA
K,180,AAG
D,181,AGG
E,182,GGG
L,183,GGC
L,184,GCA
E,185,CAG
S,186,AGC
D,187,GCT
L,188,CTT
Q,189,TTG
V,190,TGC
Q,191,GCT
K,192,CTG
M,193,TGC
F,194,GCT
V,195,CTG
Q,196,TGT
M,197,GTG
L,198,TGC
L,199,GCA
N,200,CAG
I,201,AGC
C,202,GCC
S,203,CCT
D,204,CTG
S,205,TGA
Q,206,GAT
G,207,ATG
L,208,TGT
E,209,GTC
G,210,TCC
L,211,CCC
L,212,CCA
S,213,CAC
G,214,ACA
S,215,CAT
E,216,ATG
L,217,TGG
Q,218,GGA
S,219,GAG
L,220,AGG
L,221,GGG
I,222,GGC
A,223,GCA
T,224,CAG
T,225,AGT
C,226,GTC
L,227,TCC
R,228,CCT
E,229,CTC
H,230,TCC
S,231,CCA
C,232,CAG
C,233,AGC
F,234,GCC
W,235,CCC
K,236,CCC
E,237,CCA
P,238,CAC
T,239,ACA
F,240,CAG
C,241,AGC
V,242,GCT
L,243,CTC
R,244,TCT
A,245,CTC
I,246,TCT
S,247,CTG
K,248,TGG
A,249,GGG
Q,250,GGA
N,251,GAC
L,252,ACA
S,253,CAT
I,254,ATG
I,255,TGC
Q,256,GCT
Y,257,CTG
L,258,TGG
Q,259,GGA
A,260,GAA
T,261,AAA
D,262,AAG
C,263,AGG
V,264,GGA
R,265,GAA
L,266,AAG
S,267,AGT
L,268,GTT
Q,269,TTT
N,270,TTC
L,271,TCT
S,272,CTG
R,273,TGG
L,274,GGA
T,275,GAA
D,276,AAT
T,277,ATA
L,278,TAC
P,279,ACC
A,280,CCA
P,281,CAG
E,282,AGC
V,283,GCA
S,284,CAG
E,285,AGT
A,286,GTT
V,287,TTG
S,288,TGA
L,289,GAC
I,290,ACT
L,291,CTC
G,292,TCA
F,293,CAC
V,294,ACA
K,295,CAA
D,296,AAG
S,297,AGA
Y,298,GAG
P,299,AGC
V,300,GCC
S,301,CCC
S,302,CCC
A,303,CCA
L,304,CAT
F,305,ATT
L,306,TTG
E,307,TGA
F,308,GAG
E,309,AGC
N,310,GCG
S,311,CGT
E,312,GTC
G,313,TCA
Y,314,CAG
P,315,AGA
L,316,GAA
L,317,AAG
L,318,AGA
K,319,GAG
V,320,AGC
L,321,GCC
L,322,CCT
R,323,CTG
Y,324,TGT
D,325,GTT
G,326,TTG
L,327,TGA
T,328,GAG
Q,329,AGT
S,330,GTC
E,331,TCT
V,332,CTT
D,333,TTC
P,334,TCT
H,335,CTC
L,336,TCC
E,337,CCC
E,338,CCC
L,339,CCC
L,340,CCT
G,341,CTA
L,342,TAT
V,343,ATT
V,344,TTC
W,345,TCC
L,346,CCT
T,347,CTA
T,348,TAA
C,349,AAA
G,350,AAG
R,351,AGG
S,352,GGC
E,353,GCC
L,354,CCT
K,355,CTG
V,356,TGG
F,357,GGG
D,358,GGA
S,359,GAA
I,360,AAC
T,361,ACA
Y,362,CAC
P,363,ACT
Q,364,CTC
L,365,TCC
E,366,CCG
G,367,CGT
F,368,GTG
K,369,TGG
F,370,GGG
H,371,GGG
H,372,GGA
E,373,GAT
A,374,ATC
S,375,TCA
G,376,CAT
V,377,ATC
T,378,TCT
V,379,CTG
K,380,TGC
N,381,GCT
L,382,CTT
Q,383,TTT
A,384,TTC
F,385,TCC
Q,386,CCC
V,387,CCA
L,388,CAG
Q,389,AGT
N,390,GTC
V,391,TCT
F,392,CTC
H,393,TCC
K,394,CCA
A,395,CAA
S,396,AAA
D,397,AAG
S,398,AGG
V,399,GGC
L,400,GCT
C,401,CTG
I,402,TGG
Q,403,GGC
V,404,GCT
L,405,CTG
S,406,TGA
V,407,GAA
I,408,AAG
R,409,AGA
T,410,GAC
M,411,ACG
W,412,CGT
A,413,GTG
W,414,TGT
N,415,GTC
A,416,TCT
R,417,CTG
N,418,TGA
F,419,GAC
F,420,ACC
L,421,CCA
L,422,CAG
E,423,AGC
W,424,GCT
T,425,CTT
L,426,TTG
Q,427,TGC
P,428,GCC
I,429,CCC
S,430,CCA
Q,431,CAG
F,432,AGC
V,433,GCA
E,434,CAA
I,435,AAC
M,436,ACT
P,437,CTC
L,438,TCC
K,439,CCA
P,440,CAG
A,441,AGA
P,442,GAA
V,443,AAG
Q,444,AGG
E,445,GGC
H,446,GCC
F,447,CCC
F,448,CCT
Q,449,CTT
L,450,TTG
L,451,TGT
E,452,GTG
A,453,TGG
L,454,GGG
V,455,GGG
F,456,GGA
E,457,GAA
L,458,AAG
H,459,AGC
Y,460,GCC
V,461,CCT
P,462,CTG
H,463,TGC
E,464,GCG
I,465,CGG
L,466,GGA
R,467,GAG
K,468,AGC
V,469,GCA
Q,470,CAA
H,471,AAG
L,472,AGC
I,473,GCT
K,474,CTC
E,475,TCG
S,476,CGG
P,477,GGT
G,478,GTT
P,479,TTG
S,480,TGG
C,481,GGC
T,482,GCA
L,483,CAG
M,484,AGC
A,485,GCT
L,486,CTG
Q,487,TGG
S,488,GGA
I,489,GAC
L,490,ACA
S,491,CAG
I,492,AGT
A,493,GTT
G,494,TTG
G,495,TGC
D,496,GCT
P,497,CTG
L,498,TGT
F,499,GTG
T,500,TGG
D,501,GGT
I,502,GTG
F,503,TGG
R,504,GGA
D,505,GAA
S,506,AAG
G,507,AGG
L,508,GGG
L,509,GGG
G,510,GGG
L,511,GGA
L,512,GAC
L,513,ACG
A,514,CGT
Q,515,GTG
L,516,TGG
R,517,GGA
K,518,GAT
Q,519,ATC
A,520,TCA
K,521,CAG
I,522,AGG
M,523,GGA
R,524,GAT
K,525,ATG
S,526,TGG
G,527,GGC
N,528,GCT
K,529,CTA
V,530,TAC
S,531,ACT
T,532,CTT
P,533,TTG
G,534,TGC
V,535,GCT
Q,536,CTC
D,537,TCC
P,538,CCT
E,539,CTG
R,540,TGA
E,541,GAA
L,542,AAG
T,543,AGT
C,544,GTC
V,545,TCA
M,546,CAG
L,547,AGT
R,548,GTG
I,549,TGT
V,550,GTA
V,551,TAC
T,552,ACG
L,553,CGT
L,554,GTG
K,555,TGC
G,556,GCT
S,557,CTC
V,558,TCA
R,559,CAC
N,560,ACG
A,561,CGG
V,562,GGG
V,563,GGG
L,564,GGA
K,565,GAC
D,566,ACA
H,567,CAG
G,568,AGA
M,569,GAC
V,570,ACT
P,571,CTC
F,572,TCG
I,573,CGG
K,574,GGA
I,575,GAG
F,576,AGA
L,577,GAC
D,578,ACG
D,579,CGC
E,580,GCT
C,581,CTG
Y,582,TGG
R,583,GGG
E,584,GGC
A,585,GCA
S,586,CAG
L,587,AGG
S,588,GGG
I,589,GGT
L,590,GTT
E,591,TTG
Q,592,TGC
L,593,GCT
S,594,CTG
A,595,TGA
I,596,GAG
N,597,AGT
A,598,GTC
E,599,TCT
E,600,CTG
Y,601,TGG
M,602,GGG
S,603,GGC
I,604,GCT
I,605,CTT
V,606,TTC
G,607,TCC
A,608,CCA
L,609,CAG
C,610,AGC
S,611,GCC
S,612,CCC
T,613,CCT
Q,614,CTG
G,615,TGC
E,616,GCT
L,617,CTC
Q,618,TCC
L,619,CCT
K,620,CTA
L,621,TAC
D,622,ACA
L,623,CAG
L,624,AGT
K,625,GTG
S,626,TGC
L,627,GCC
L,628,CCT
R,629,CTT
I,630,TTT
L,631,TTA
V,632,TAC
T,633,ACC
P,634,CCT
K,635,CTC
G,636,TCT
R,637,CTT
A,638,TTC
A,639,TCT
F,640,CTT
R,641,TTT
V,642,TTG
S,643,TGT
S,644,GTC
G,645,TCT
F,646,CTT
N,647,TTT
G,648,TTC
L,649,TCC
L,650,CCT
S,651,CTC
L,652,TCT
L,653,CTG
S,654,TGG
D,655,GGA
L,656,GAC
E,657,ACA
G,658,CAA
S,659,AAA
L,660,AAG
Q,661,AGA
E,662,GAT
P,663,ATG
P,664,TGA
L,665,GAG
Q,666,AGC
A,667,GCT
W,668,CTT
G,669,TTC
A,670,TCT
V,671,CTT
S,672,TTG
P,673,TGA
R,674,GAG
Q,675,AGA
T,676,GAG
L,677,AGT
E,678,GTG
L,679,TGA
V,680,GAT
L,681,ATC
Y,682,TCT
T,683,CTT
L,684,TTC
C,685,TCA
A,686,CAA
V,687,AAG
S,688,AGT
A,689,GTT
A,690,TTC
L,691,TCA
H,692,CAA
W,693,AAA
D,694,AAA
P,695,AAG
V,696,AGA
N,697,GAT
G,698,ATG
Y,699,TGT
F,700,GTT
F,701,TTC
R,702,TCG
R,703,CGT
N,704,GTG
G,705,TGC
L,706,GCA
F,707,CAG
E,708,AGA
K,709,GAT
L,710,ATG
A,711,TGT
E,712,GTT
D,713,TTG
L,714,TGC
C,715,GCT
L,716,CTC
L,717,TCA
G,718,CAA
C,719,AAT
F,720,ATA
G,721,TAT
A,722,ATT
L,723,TTT
E,724,TTG
E,725,TGC
E,726,GCA
G,727,CAG
N,728,AGT
L,729,GTG
L,730,TGA
R,731,GAC
S,732,ACT
W,733,CTC
V,734,TCT
D,735,CTC
T,736,TCA
K,737,CAG
A,738,AGG
R,739,GGG
P,740,GGC
F,741,GCC
A,742,CCT
D,743,CTG
L,744,TGG
L,745,GGA
G,746,GAG
T,747,AGG
A,748,GGG
F,749,GGA
S,750,GAC
S,751,ACT
S,752,CTC
G,753,TCC
S,754,CCT
L,755,CTC
P,756,TCT
P,757,CTC
R,758,TCA
I,759,CAG
Q,760,AGG
S,761,GGA
C,762,GAA
L,763,AAG
Q,764,AGT
I,765,GTG
L,766,TGA
G,767,GAG
F,768,AGC
L,769,GCT
D,770,CTG
S,771,TGC
M,772,GCA
A,773,CAG
S,774,AGT
G,775,GTC
T,776,TCT
L,777,CTC
H,778,TCT
L,779,CTG
R,780,TGC
G,781,GCT
D,782,CTG
L,783,TGA
K,784,GAT
E,785,ATT
S,786,TTG
L,787,TGC
R,788,GCC
T,789,CCA
K,790,CAC
Q,791,ACG
G,792,CGA
P,793,GAC
V,794,ACC
V,795,CCT
D,796,CTG
V,797,TGC
Q,798,GCC
K,799,CCT
G,800,CTT
E,801,TTC
T,802,TCG
G,803,CGG
S,804,GGG
D,805,GGA
P,806,GAG
Q,807,AGC
R,808,GCA
N,809,CAC
F,810,ACA
K,811,CAG
Q,812,AGC
W,813,GCT
P,814,CTG
D,815,TGC
L,816,GCT
E,817,CTG
E,818,TGC
R,819,GCT
M,820,CTT
D,821,TTC
E,822,TCT
G,823,CTG
D,824,TGG
A,825,GGA
A,826,GAA
I,827,AAG
M,828,AGG
H,829,GGA
P,830,GAA
G,831,AAC
V,832,ACC
V,833,CCC
C,834,CCA
I,835,CAC
M,836,ACC
V,837,CCT
R,838,CTT
L,839,TTC
L,840,TCT
P,841,CTG
R,842,TGC
L,843,GCG
Y,844,CGT
H,845,GTG
E,846,TGC
D,847,GCT
H,848,CTA
P,849,TAA
Q,850,AAG
L,851,AGG
S,852,GGG
E,853,GGC
E,854,GCA
I,855,CAA
Q,856,AAT
C,857,ATC
S,858,TCT
L,859,CTC
A,860,TCC
S,861,CCA
H,862,CAA
I,863,AAG
Q,864,AGG
S,865,GGC
L,866,GCC
V,867,CCC
K,868,CCA
S,869,CAG
E,870,AGA
K,871,GAA
N,872,AAC
R,873,ACC
Q,874,CCT
V,875,CTC
M,876,TCA
C,877,CAG
E,878,AGC
A,879,GCA
G,880,CAT
L,881,ATC
L,882,TCA
G,883,CAT
T,884,ATC
L,885,TCC
M,886,CCA
A,887,CAG
S,888,AGT
C,889,GTA
H,890,TAC
R,891,ACC
A,892,CCT
L,893,CTG
V,894,TGC
T,895,GCA
S,896,CAG
G,897,AGG
S,898,GGC
P,899,GCC
L,900,CCA
H,901,CAC
S,902,ACA
R,903,CAG
L,904,AGA
I,905,GAC
R,906,ACT
I,907,CTG
F,908,TGT
E,909,GTG
K,910,TGT
L,911,GTC
A,912,TCA
S,913,CAG
Q,914,AGG
A,915,GGC
I,916,GCT
E,917,CTC
P,918,TCT
D,919,CTC
V,920,TCC
L,921,CCC
R,922,CCT
Q,923,CTC
F,924,TCC
L,925,CCA
G,926,CAG
L,927,AGA
G,928,GAA
I,929,AAC
P,930,ACC
S,931,CCT
S,932,CTC
L,933,TCT
S,934,CTC
A,935,TCC
T,936,CCA
T,937,CAG
K,938,AGG
I,939,GGC
L,940,GCT
D,941,CTC
S,942,TCA
S,943,CAC
H,944,ACG
T,945,CGG
H,946,GGA
R,947,GAC
G,948,ACA
N,949,CAC
P,950,ACT
G,951,CTC
C,952,TCT
S,953,CTC
G,954,TCC
S,955,CCC
Q,956,CCT
T,957,CTG
A,958,TGC
Q,959,GCC
G,960,CCC
L,961,CCC
A,962,CCT
E,963,CTG
G,964,TGA
P,965,GAA
W,966,AAG
P,967,AGT
A,968,GTG
A,969,TGA
P,970,GAG
D,971,AGC
A,972,GCG
G,973,CGA
L,974,GAG
H,975,AGG
P,976,GGC
G,977,GCT
V,978,CTG
T,979,TGT
Q,980,GTA
A,981,TAA
P,982,AAG
Q,983,AGC
P,984,GCC
L,985,CCT
G,986,CTG
E,987,TGA
S,988,GAT
Q,989,ATC
D,990,TCT
S,991,CTT
T,992,TTG
T,993,TGG
A,994,GGG
L,995,GGA
Q,996,GAT
T,997,ATT
A,998,TTC
L,999,TCG
S,1000,CGT
L,1001,GTG
I,1002,TGA
S,1003,GAA
M,1004,AAG
T,1005,AGG
S,1006,GGA
P,1007,GAC
R,1008,ACT
N,1009,CTC
L,1010,TCC
Q,1011,CCT
P,1012,CTA
Q,1013,TAC
R,1014,ACC
A,1015,CCC
A,1016,CCC
L,1017,CCG
A,1018,CGT
P,1019,GTC
S,1020,TCT
F,1021,CTC
V,1022,TCC
E,1023,CCT
F,1024,CTC
D,1025,TCG
M,1026,CGG
S,1027,GGC
V,1028,GCT
E,1029,CTC
G,1030,TCT
Y,1031,CTG
G,1032,TGT
C,1033,GTT
L,1034,TTC
F,1035,TCC
I,1036,CCT
P,1037,CTG
T,1038,TGG
L,1039,GGA
S,1040,GAG
T,1041,AGT
V,1042,GTT
M,1043,TTT
G,1044,TTG
T,1045,TGA
S,1046,GAG
T,1047,AGA
E,1048,GAA
Y,1049,AAT
S,1050,ATT
V,1051,TTC
S,1052,TCA
G,1053,CAG
G,1054,AGA
I,1055,GAG
G,1056,AGG
T,1057,GGG
G,1058,GGC
A,1059,GCT
T,1060,CTA
R,1061,TAT
P,1062,ATC
F,1063,TCC
P,1064,CCT
P,1065,CTC
P,1066,TCT
G,1067,CTG
G,1068,TGC
L,1069,GCT
T,1070,CTG
F,1071,TGC
S,1072,GCT
C,1073,CTC
W,1074,TCA
F,1075,CAA
L,1076,AAA
I,1077,AAG
S,1078,AGT
R,1079,GTG
H,1080,TGT
G,1081,GTT
A,1082,TTA
A,1083,TAC
T,1084,ACT
E,1085,CTT
G,1086,TTC
H,1087,TCG
P,1088,CGG
L,1089,GGT
R,1090,GTA
F,1091,TAT
L,1092,ATG
T,1093,TGA
L,1094,GAT
V,1095,ATG
R,1096,TGG
H,1097,GGG
L,1098,GGC
A,1099,GCT
R,1100,CTG
T,1101,TGA
E,1102,GAC
Q,1103,ACC
P,1104,CCC
F,1105,CCA
V,1106,CAG
C,1107,AGA
F,1108,GAG
S,1109,AGC
V,1110,GCG
S,1111,CGA
L,1112,GAA
C,1113,AAG
P,1114,AGT
D,1115,GTG
D,1116,TGG
L,1117,GGA
S,1118,GAC
L,1119,ACC
V,1120,CCC
V,1121,CCG
S,1122,CGC
T,1123,GCA
E,1124,CAT
E,1125,ATC
K,1126,TCT
E,1127,CTG
F,1128,TGG
Q,1129,GGA
P,1130,GAG
L,1131,AGG
D,1132,GGA
V,1133,GAG
M,1134,AGC
E,1135,GCT
P,1136,CTC
E,1137,TCC
D,1138,CCT
D,1139,CTT
S,1140,TTG
E,1141,TGG
P,1142,GGG
S,1143,GGC
A,1144,GCT
G,1145,CTG
C,1146,TGG
Q,1147,GGT
L,1148,GTG
Q,1149,TGG
V,1150,GGT
R,1151,GTG
C,1152,TGT
G,1153,GTG
Q,1154,TGG
L,1155,GGC
L,1156,GCT
A,1157,CTG
C,1158,TGA
G,1159,GAC
Q,1160,ACA
W,1161,CAA
H,1162,AAC
H,1163,ACC
L,1164,CCT
A,1165,CTG
V,1166,TGT
V,1167,GTG
V,1168,TGG
T,1169,GGG
K,1170,GGA
E,1171,GAG
M,1172,AGG
K,1173,GGT
R,1174,GTC
H,1175,TCA
C,1176,CAG
T,1177,AGA
V,1178,GAG
S,1179,AGC
T,1180,GCT
C,1181,CTG
L,1182,TGA
D,1183,GAA
G,1184,AAG
Q,1185,AGG
V,1186,GGT
I,1187,GTG
G,1188,TGT
S,1189,GTT
A,1190,TTT
K,1191,TTG
M,1192,TGA
L,1193,GAC
Y,1194,ACA
I,1195,CAG
Q,1196,AGC
A,1197,GCA
L,1198,CAT
P,1199,ATC
G,1200,TCA
P,1201,CAC
F,1202,ACT
L,1203,CTT
S,1204,TTA
M,1205,TAC
D,1206,ACC
P,1207,CCC
S,1208,CCT
A,1209,CTC
F,1210,TCA
V,1211,CAG
D,1212,AGC
V,1213,GCT
Y,1214,CTT
G,1215,TTG
Y,1216,TGA
I,1217,GAA
A,1218,AAG
T,1219,AGG
P,1220,GGC
R,1221,GCT
V,1222,CTT
W,1223,TTC
K,1224,TCA
Q,1225,CAA
K,1226,AAG
S,1227,AGT
S,1228,GTT
L,1229,TTC
I,1230,TCC
W,1231,CCA
R,1232,CAT
L,1233,ATC
G,1234,TCA
P,1235,CAT
T,1236,ATG
Y,1237,TGA
L,1238,GAG
F,1239,AGG
E,1240,GGC
E,1241,GCA
A,1242,CAT
I,1243,ATC
S,1244,TCT
M,1245,CTG
E,1246,TGG
T,1247,GGG
L,1248,GGG
E,1249,GGT
V,1250,GTG
I,1251,TGA
N,1252,GAC
K,1253,ACT
L,1254,CTG
G,1255,TGT
P,1256,GTT
R,1257,TTA
Y,1258,TAA
C,1259,AAG
G,1260,AGA
N,1261,GAA
F,1262,AAT
Q,1263,ATC
A,1264,TCT
V,1265,CTT
H,1266,TTC
V,1267,TCA
Q,1268,CAG
G,1269,AGG
E,1270,GGC
D,1271,GCC
L,1272,CCT
D,1273,CTT
S,1274,TTC
E,1275,TCC
A,1276,CCA
T,1277,CAG
P,1278,AGG
F,1279,GGT
V,1280,GTC
A,1281,TCC
E,1282,CCT
E,1283,CTA
R,1284,TAC
V,1285,ACA
S,1286,CAG
F,1287,AGA
G,1288,GAA
L,1289,AAT
H,1290,ATG
I,1291,TGT
A,1292,GTT
S,1293,TTT
S,1294,TTT
S,1295,TTC
I,1296,TCC
T,1297,CCA
S,1298,CAC
V,1299,ACA
A,1300,CAA
D,1301,AAA
I,1302,AAG
R,1303,AGC
N,1304,GCC
A,1305,CCA
Y,1306,CAG
N,1307,AGT
E,1308,GTG
V,1309,TGA
D,1310,GAC
S,1311,ACT
R,1312,CTC
L,1313,TCT
I,1314,CTG
A,1315,TGT
K,1316,GTC
E,1317,TCC
M,1318,CCT
N,1319,CTC
I,1320,TCT
S,1321,CTG
S,1322,TGC
R,1323,GCA
D,1324,CAT
N,1325,ATA
A,1326,TAC
M,1327,ACA
P,1328,CAA
V,1329,AAG
F,1330,AGT
L,1331,GTC
L,1332,TCT
R,1333,CTT
N,1334,TTG
C,1335,TGT
A,1336,GTC
G,1337,TCA
H,1338,CAG
L,1339,AGT
S,1340,GTC
G,1341,TCA
S,1342,CAT
L,1343,ATC
R,1344,TCA
T,1345,CAG
I,1346,AGG
G,1347,GGA
A,1348,GAC
V,1349,ACC
A,1350,CCA
V,1351,CAT
G,1352,ATG
Q,1353,TGT
L,1354,GTG
G,1355,TGG
V,1356,GGG
R,1357,GGC
V,1358,GCC
F,1359,CCT
H,1360,CTG
S,1361,TGG
S,1362,GGA
P,1363,GAA
A,1364,AAT
A,1365,ATG
S,1366,TGC
S,1367,GCT
L,1368,CTC
D,1369,TCG
F,1370,CGA
I,1371,GAA
G,1372,AAA
G,1373,AAC
P,1374,ACT
A,1375,CTT
I,1376,TTC
L,1377,TCT
L,1378,CTT
G,1379,TTC
L,1380,TCC
I,1381,CCT
S,1382,CTG
L,1383,TGC
A,1384,GCT
T,1385,CTG
D,1386,TGG
D,1387,GGA
H,1388,GAG
T,1389,AGT
M,1390,GTG
Y,1391,TGG
A,1392,GGA
A,1393,GAC
V,1394,ACC
K,1395,CCC
V,1396,CCT
L,1397,CTG
H,1398,TGC
S,1399,GCA
V,1400,CAG
L,1401,AGC
T,1402,GCC
S,1403,CCC
N,1404,CCA
A,1405,CAT
M,1406,ATC
C,1407,TCT
D,1408,CTC
F,1409,TCG
L,1410,CGC
M,1411,GCA
Q,1412,CAG
H,1413,AGT
I,1414,GTT
C,1415,TTT
G,1416,TTG
Y,1417,TGT
Q,1418,GTA
I,1419,TAG
M,1420,AGA
A,1421,GAG
F,1422,AGA
L,1423,GAT
L,1424,ATC
R,1425,TCA
K,1426,CAT
K,1427,ATG
A,1428,TGC
S,1429,GCC
L,1430,CCC
L,1431,CCC
N,1432,CCT
H,1433,CTG
R,1434,TGA
I,1435,GAA
F,1436,AAG
Q,1437,AGC
L,1438,GCC
I,1439,CCG
L,1440,CGG
S,1441,GGC
V,1442,GCC
A,1443,CCC
G,1444,CCC
T,1445,CCA
V,1446,CAG
E,1447,AGT
L,1448,GTG
G,1449,TGC
F,1450,GCA
R,1451,CAG
S,1452,AGG
S,1453,GGA
A,1454,GAA
I,1455,AAC
T,1456,ACA
N,1457,CAC
T,1458,ACT
G,1459,CTT
V,1460,TTC
F,1461,TCT
Q,1462,CTT
H,1463,TTC
I,1464,TCC
L,1465,CCA
C,1466,CAG
N,1467,AGC
F,1468,GCT
E,1469,CTT
L,1470,TTC
W,1471,TCT
M,1472,CTA
N,1473,TAG
T,1474,AGA
A,1475,GAG
D,1476,AGG
N,1477,GGC
L,1478,GCC
E,1479,CCC
L,1480,CCT
S,1481,CTG
L,1482,TGG
F,1483,GGT
S,1484,GTG
H,1485,TGT
L,1486,GTT
L,1487,TTC
E,1488,TCG
I,1489,CGA
L,1490,GAG
Q,1491,AGC
S,1492,GCT
P,1493,CTG
R,1494,TGC
E,1495,GCA
G,1496,CAC
P,1497,ACT
R,1498,CTA
N,1499,TAC
A,1500,ACG
E,1501,CGT
A,1502,GTG
A,1503,TGC
H,1504,GCC
Q,1505,CCT
A,1506,CTC
Q,1507,TCA
L,1508,CAT
I,1509,ATG
P,1510,TGA
K,1511,GAG
L,1512,AGA
I,1513,GAT
F,1514,ATC
L,1515,TCC
F,1516,CCT
N,1517,CTG
E,1518,TGC
P,1519,GCG
S,1520,CGA
L,1521,GAA
I,1522,AAA
P,1523,AAG
S,1524,AGG
K,1525,GGT
I,1526,GTA
S,1527,TAC
T,1528,ACA
I,1529,CAG
I,1530,AGC
G,1531,GCA
I,1532,CAT
L,1533,ATC
A,1534,TCT
C,1535,CTG
Q,1536,TGA
L,1537,GAT
R,1538,ATC
G,1539,TCA
H,1540,CAA
F,1541,AAG
S,1542,AGG
T,1543,GGA
Q,1544,GAG
D,1545,AGA
L,1546,GAG
L,1547,AGC
R,1548,GCC
I,1549,CCC
G,1550,CCT
L,1551,CTG
F,1552,TGG
V,1553,GGG
V,1554,GGC
Y,1555,GCC
T,1556,CCA
L,1557,CAT
K,1558,ATC
P,1559,TCC
S,1560,CCT
S,1561,CTG
V,1562,TGC
N,1563,GCA
E,1564,CAC
R,1565,ACC
Q,1566,CCC
I,1567,CCT
C,1568,CTC
M,1569,TCA
D,1570,CAT
G,1571,ATG
A,1572,TGG
L,1573,GGC
D,1574,GCC
P,1575,CCC
S,1576,CCT
L,1577,CTG
P,1578,TGC
A,1579,GCA
G,1580,CAG
S,1581,AGA
Q,1582,GAG
T,1583,AGC
S,1584,GCA
G,1585,CAT
K,1586,ATC
T,1587,TCC
I,1588,CCT
W,1589,CTC
L,1590,TCA
R,1591,CAG
N,1592,AGC
Q,1593,GCA
L,1594,CAT
L,1595,ATC
E,1596,TCG
M,1597,CGC
L,1598,GCT
L,1599,CTG
S,1600,TGG
V,1601,GGT
I,1602,GTG
S,1603,TGG
S,1604,GGG
P,1605,GGG
Q,1606,GGA
L,1607,GAC
H,1608,ACC
L,1609,CCC
S,1610,CCC
S,1611,CCC
E,1612,CCT
S,1613,CTC
K,1614,TCT
E,1615,CTT
E,1616,TTC
M,1617,TCA
F,1618,CAC
L,1619,ACC
K,1620,CCG
L,1621,CGA
G,1622,GAC
P,1623,ACA
D,1624,CAT
W,1625,ATC
F,1626,TCT
L,1627,CTT
L,1628,TTC
L,1629,TCC
L,1630,CCG
Q,1631,CGG
G,1632,GGG
H,1633,GGA
L,1634,GAC
H,1635,ACT
A,1636,CTC
S,1637,TCA
T,1638,CAG
T,1639,AGG
V,1640,GGG
L,1641,GGC
A,1642,GCT
L,1643,CTC
K,1644,TCC
L,1645,CCT
L,1646,CTG
L,1647,TGG
Y,1648,GGG
F,1649,GGC
L,1650,GCC
A,1651,CCT
S,1652,CTG
P,1653,TGC
S,1654,GCT
L,1655,CTA
R,1656,TAC
T,1657,ACT
R,1658,CTG
F,1659,TGG
R,1660,GGC
D,1661,GCA
G,1662,CAC
L,1663,ACA
C,1664,CAG
A,1665,AGC
G,1666,GCT
S,1667,CTT
W,1668,TTC
V,1669,TCG
E,1670,CGG
R,1671,GGA
S,1672,GAA
T,1673,AAG
E,1674,AGC
G,1675,GCA
V,1676,CAA
D,1677,AAG
I,1678,AGC
V,1679,GCC
M,1680,CCA
D,1681,CAA
N,1682,AAG
L,1683,AGA
K,1684,GAT
S,1685,ATC
Q,1686,TCA
S,1687,CAT
P,1688,ATG
L,1689,TGA
P,1690,GAG
E,1691,AGG
Q,1692,GGA
S,1693,GAA
P,1694,AAG
C,1695,AGT
L,1696,GTC
L,1697,TCA
P,1698,CAG
G,1699,AGG
F,1700,GGA
R,1701,GAA
V,1702,AAA
L,1703,AAC
N,1704,ACA
D,1705,CAA
F,1706,AAA
L,1707,AAG
A,1708,AGT
H,1709,GTG
H,1710,TGT
V,1711,GTC
H,1712,TCC
I,1713,CCA
P,1714,CAC
E,1715,ACT
V,1716,CTC
Y,1717,TCC
L,1718,CCT
I,1719,CTG
V,1720,TGG
S,1721,GGT
T,1722,GTG
F,1723,TGT
F,1724,GTT
L,1725,TTC
Q,1726,TCA
T,1727,CAG
P,1728,AGG
L,1729,GGA
T,1730,GAT
E,1731,ATC
L,1732,TCC
M,1733,CCA
D,1734,CAG
G,1735,AGA
P,1736,GAA
K,1737,AAA
D,1738,AAG
S,1739,AGA
L,1740,GAG
D,1741,AGA
A,1742,GAA
M,1743,AAC
L,1744,ACT
Q,1745,CTC
W,1746,TCA
L,1747,CAC
L,1748,ACC
Q,1749,CCT
R,1750,CTG
H,1751,TGT
H,1752,GTG
Q,1753,TGT
E,1754,GTG
E,1755,TGA
V,1756,GAT
L,1757,ATG
Q,1758,TGC
A,1759,GCT
G,1760,CTG
L,1761,TGA
C,1762,GAG
T,1763,AGG
E,1764,GGA
G,1765,GAT
A,1766,ATT
L,1767,TTG
L,1768,TGT
L,1769,GTA
L,1770,TAG
E,1771,AGT
M,1772,GTC
L,1773,TCA
K,1774,CAC
A,1775,ACA
T,1776,CAC
M,1777,ACT
S,1778,CTT
Q,1779,TTC
P,1780,TCT
L,1781,CTG
A,1782,TGA
G,1783,GAA
S,1784,AAA
E,1785,AAG
D,1786,AGG
G,1787,GGC
A,1788,GCT
W,1789,CTC
A,1790,TCG
Q,1791,CGG
T,1792,GGT
F,1793,GTG
P,1794,TGA
A,1795,GAG
S,1796,AGG
V,1797,GGA
L,1798,GAA
Q,1799,AAT
F,1800,ATG
L,1801,TGC
S,1802,GCA
L,1803,CAG
V,1804,AGT
H,1805,GTT
R,1806,TTG
T,1807,TGT
Y,1808,GTC
P,1809,TCC
Q,1810,CCT
D,1811,CTG
P,1812,TGA
A,1813,GAA
W,1814,AAG
R,1815,AGG
A,1816,GGA
P,1817,GAC
E,1818,ACC
F,1819,CCA
L,1820,CAC
Q,1821,ACG
T,1822,CGG
L,1823,GGC
A,1824,GCA
I,1825,CAT
A,1826,ATG
A,1827,TGG
F,1828,GGT
P,1829,GTG
L,1830,TGC
G,1831,GCC
A,1832,CCC
Q,1833,CCT
K,1834,CTT
G,1835,TTC
V,1836,TCA
G,1837,CAT
A,1838,ATC
E,1839,TCA
S,1840,CAA
T,1841,AAG
R,1842,AGA
N,1843,GAT
T,1844,ATC
S,1845,TCT
S,1846,CTT
P,1847,TTC
E,1848,TCC
A,1849,CCT
A,1850,CTG
A,1851,TGG
E,1852,GGA
G,1853,GAT
D,1854,ATG
S,1855,TGA
T,1856,GAC
V,1857,ACG
E,1858,CGA
G,1859,GAG
L,1860,AGT
Q,1861,GTG
A,1862,TGC
P,1863,GCT
T,1864,CTA
K,1865,TAC
A,1866,ACC
H,1867,CCG
P,1868,CGG
A,1869,GGG
R,1870,GGA
R,1871,GAG
K,1872,AGG
L,1873,GGC
R,1874,GCC
E,1875,CCT
F,1876,CTC
T,1877,TCG
Q,1878,CGC
L,1879,GCT
L,1880,CTC
L,1881,TCA
R,1882,CAG
E,1883,AGC
L,1884,GCA
L,1885,CAT
L,1886,ATC
G,1887,TCT
A,1888,CTT
S,1889,TTG
S,1890,TGG
P,1891,GGA
K,1892,GAG
Q,1893,AGC
W,1894,GCA
L,1895,CAG
P,1896,AGC
L,1897,GCT
E,1898,CTC
V,1899,TCT
L,1900,CTC
L,1901,TCA
E,1902,CAG
A,1903,AGC
S,1904,GCC
P,1905,CCA
D,1906,CAT
H,1907,ATC
A,1908,TCA
T,1909,CAA
S,1910,AAC
Q,1911,ACG
Q,1912,CGC
K,1913,GCC
R,1914,CCG
D,1915,CGA
F,1916,GAG
Q,1917,AGG
S,1918,GGA
E,1919,GAG
V,1920,AGT
L,1921,GTA
L,1922,TAC
S,1923,ACA
A,1924,CAT
M,1925,ATG
E,1926,TGA
L,1927,GAG
F,1928,AGC
H,1929,GCA
M,1930,CAT
T,1931,ATC
S,1932,TCA
G,1933,CAT
G,1934,ATT
D,1935,TTG
A,1936,TGT
A,1937,GTG
M,1938,TGG
F,1939,GGG
R,1940,GGT
D,1941,GTG
G,1942,TGC
K,1943,GCT
E,1944,CTC
P,1945,TCT
Q,1946,CTA
P,1947,TAT
S,1948,ATG
A,1949,TGC
E,1950,GCT
A,1951,CTC
A,1952,TCA
A,1953,CAT
A,1954,ATC
P,1955,TCC
S,1956,CCA
L,1957,CAC
A,1958,ACT
N,1959,CTC
I,1960,TCA
S,1961,CAA
C,1962,AAG
F,1963,AGG
T,1964,GGG
Q,1965,GGG
K,1966,GGA
L,1967,GAG
V,1968,AGC
E,1969,GCT
K,1970,CTG
L,1971,TGC
Y,1972,GCA
S,1973,CAG
G,1974,AGC
M,1975,GCT
F,1976,CTG
S,1977,TGA
A,1978,GAA
D,1979,AAA
P,1980,AAC
R,1981,ACT
H,1982,CTG
I,1983,TGG
L,1984,GGA
L,1985,GAT
F,1986,ATC
I,1987,TCT
L,1988,CTC
E,1989,TCC
H,1990,CCT
I,1991,CTG
M,1992,TGA
V,1993,GAA
V,1994,AAG
I,1995,AGT
E,1996,GTC
T,1997,TCT
A,1998,CTC
S,1999,TCT
S,2000,CTG
Q,2001,TGC
R,2002,GCT
D,2003,CTC
T,2004,TCC
V,2005,CCG
L,2006,CGG
S,2007,GGA
T,2008,GAT
L,2009,ATC
Y,2010,TCC
S,2011,CCT
S,2012,CTG
L,2013,TGG
N,2014,GGT
K,2015,GTG
V,2016,TGA
I,2017,GAC
L,2018,ACC
Y,2019,CCC
C,2020,CCC
L,2021,CCC
S,2022,CCA
K,2023,CAA
P,2024,AAG
Q,2025,AGG
Q,2026,GGG
S,2027,GGT
L,2028,GTC
S,2029,TCG
E,2030,CGT
C,2031,GTG
L,2032,TGC
G,2033,GCT
L,2034,CTG
L,2035,TGC
S,2036,GCC
I,2037,CCT
L,2038,CTT
G,2039,TTC
F,2040,TCA
L,2041,CAG
Q,2042,AGA
E,2043,GAG
H,2044,AGT
W,2045,GTC
D,2046,TCT
V,2047,CTC
V,2048,TCC
F,2049,CCA
A,2050,CAG
T,2051,AGC
Y,2052,GCG
N,2053,CGG
S,2054,GGG
N,2055,GGT
I,2056,GTT
S,2057,TTC
F,2058,TCA
L,2059,CAA
L,2060,AAC
C,2061,ACG
L,2062,CGG
M,2063,GGG
H,2064,GGC
C,2065,GCT
L,2066,CTG
L,2067,TGC
L,2068,GCT
L,2069,CTG
N,2070,TGT
E,2071,GTC
R,2072,TCT
S,2073,CTC
Y,2074,TCT
P,2075,CTG
E,2076,TGC
G,2077,GCT
F,2078,CTC
G,2079,TCT
L,2080,CTC
E,2081,TCT
P,2082,CTG
K,2083,TGA
P,2084,GAC
R,2085,ACC
M,2086,CCT
S,2087,CTG
T,2088,TGG
Y,2089,GGA
H,2090,GAA
Q,2091,AAG
V,2092,AGG
F,2093,GGC
L,2094,GCT
S,2095,CTC
P,2096,TCC
N,2097,CCC
E,2098,CCT
D,2099,CTC
V,2100,TCC
K,2101,CCA
E,2102,CAG
K,2103,AGG
R,2104,GGA
E,2105,GAG
D,2106,AGC
L,2107,GCC
P,2108,CCC
S,2109,CCC
L,2110,CCC
S,2111,CCG
D,2112,CGC
V,2113,GCT
Q,2114,CTG
H,2115,TGC
N,2116,GCA
I,2117,CAG
Q,2118,AGG
K,2119,GGC
T,2120,GCA
V,2121,CAT
Q,2122,ATG
T,2123,TGG
L,2124,GGG
W,2125,GGG
Q,2126,GGA
Q,2127,GAG
L,2128,AGC
V,2129,GCA
A,2130,CAG
Q,2131,AGT
R,2132,GTA
Q,2133,TAT
Q,2134,ATC
T,2135,TCC
L,2136,CCC
E,2137,CCC
D,2138,CCC
A,2139,CCA
F,2140,CAG
K,2141,AGA
I,2142,GAC
D,2143,ACA
L,2144,CAG
S,2145,AGA
V,2146,GAC
K,2147,ACC
P,2148,CCC
G,2149,CCT
E,2150,CTG
R,2151,TGG
E,2152,GGA
V,2153,GAG
K,2154,AGC
I,2155,GCT
E,2156,CTG
E,2157,TGG
V,2158,GGT
T,2159,GTT
P,2160,TTT
L,2161,TTT
W,2162,TTG
E,2163,TGT
E,2164,GTA
T,2165,TAC
M,2166,ACA
L,2167,CAC
K,2168,ACT
A,2169,CTC
W,2170,TCT
Q,2171,CTC
H,2172,TCT
Y,2173,CTG
L,2174,TGT
A,2175,GTG
S,2176,TGC
E,2177,GCT
K,2178,CTG
K,2179,TGT
S,2180,GTG
L,2181,TGT
A,2182,GTC
S,2183,TCC
R,2184,CCG
S,2185,CGC
N,2186,GCA
V,2187,CAG
A,2188,AGC
H,2189,GCG
H,2190,CGC
S,2191,GCT
K,2192,CTG
V,2193,TGC
T,2194,GCA
L,2195,CAC
W,2196,ACT
S,2197,CTG
G,2198,TGG
S,2199,GGG
L,2200,GGA
S,2201,GAC
S,2202,ACC
A,2203,CCC
M,2204,CCT
K,2205,CTG
L,2206,TGT
M,2207,GTC
P,2208,TCA
G,2209,CAA
R,2210,AAT
Q,2211,ATG
A,2212,TGG
K,2213,GGC
D,2214,GCT
P,2215,CTA
E,2216,TAC
C,2217,ACT
K,2218,CTT
T,2219,TTC
E,2220,TCT
D,2221,CTT
F,2222,TTC
V,2223,TCA
S,2224,CAG
C,2225,AGG
I,2226,GGA
E,2227,GAG
N,2228,AGG
Y,2229,GGA
R,2230,GAA
R,2231,AAT
R,2232,ATG
G,2233,TGG
Q,2234,GGG
E,2235,GGC
L,2236,GCT
Y,2237,CTC
A,2238,TCT
S,2239,CTT
L,2240,TTT
Y,2241,TTG
K,2242,TGA
D,2243,GAG
H,2244,AGA
V,2245,GAA
Q,2246,AAG
R,2247,AGC
R,2248,GCT
K,2249,CTG
C,2250,TGG
G,2251,GGC
N,2252,GCC
I,2253,CCG
K,2254,CGA
A,2255,GAG
A,2256,AGG
N,2257,GGA
A,2258,GAC
W,2259,ACC
A,2260,CCT
R,2261,CTC
I,2262,TCT
Q,2263,CTG
E,2264,TGC
Q,2265,GCC
L,2266,CCT
F,2267,CTG
G,2268,TGC
E,2269,GCT
L,2270,CTG
G,2271,TGG
L,2272,GGG
W,2273,GGC
S,2274,GCT
Q,2275,CTG
G,2276,TGT
E,2277,GTT
E,2278,TTT
T,2279,TTT
K,2280,TTG
P,2281,TGG
C,2282,GGA
S,2283,GAG
P,2284,AGC
W,2285,GCC
E,2286,CCC
L,2287,CCT
D,2288,CTG
W,2289,TGG
R,2290,GGA
E,2291,GAG
G,2292,AGG
P,2293,GGA
A,2294,GAA
R,2295,AAG
M,2296,AGA
R,2297,GAG
K,2298,AGG
R,2299,GGG
I,2300,GGC
K,2301,GCA
R,2302,CAA
L,2303,AAC
S,2304,ACC
P,2305,CCT
L,2306,CTG
E,2307,TGC
A,2308,GCT
L,2309,CTG
S,2310,TGC
S,2311,GCG
G,2312,CGC
R,2313,GCT
H,2314,CTC
K,2315,TCT
E,2316,CTT
S,2317,TTG
Q,2318,TGG
D,2319,GGG
K,2320,GGT
N,2321,GTG
D,2322,TGG
H,2323,GGA
I,2324,GAC
S,2325,ACA
Q,2326,CAC
T,2327,ACA
N,2328,CAA
A,2329,AAA
E,2330,AAG
N,2331,AGG
Q,2332,GGC
D,2333,GCC
E,2334,CCA
L,2335,CAG
T,2336,AGG
L,2337,GGC
R,2338,GCC
E,2339,CCA
A,2340,CAT
E,2341,ATT
G,2342,TTT
E,2343,TTG
P,2344,TGC
D,2345,GCA
E,2346,CAG
V,2347,AGA
G,2348,GAT
V,2349,ATT
D,2350,TTT
C,2351,TTG
T,2352,TGC
Q,2353,GCT
L,2354,CTG
T,2355,TGG
F,2356,GGG
F,2357,GGC
P,2358,GCA
A,2359,CAC
L,2360,ACT
H,2361,CTG
E,2362,TGC
S,2363,GCC
L,2364,CCT
H,2365,CTT
S,2366,TTT
E,2367,TTT
D,2368,TTC
F,2369,TCC
L,2370,CCT
E,2371,CTC
L,2372,TCC
C,2373,CCA
R,2374,CAG
E,2375,AGC
R,2376,GCG
Q,2377,CGG
V,2378,GGC
I,2379,GCT
L,2380,CTC
Q,2381,TCA
E,2382,CAC
L,2383,ACT
L,2384,CTC
D,2385,TCC
K,2386,CCC
E,2387,CCA
K,2388,CAC
V,2389,ACC
T,2390,CCC
Q,2391,CCC
K,2392,CCG
F,2393,CGG
S,2394,GGA
L,2395,GAT
V,2396,ATA
I,2397,TAC
V,2398,ACA
Q,2399,CAG
G,2400,AGA
H,2401,GAG
L,2402,AGC
V,2403,GCT
S,2404,CTG
E,2405,TGC
G,2406,GCC
V,2407,CCT
L,2408,CTC
L,2409,TCC
F,2410,CCA
G,2411,CAG
H,2412,AGA
Q,2413,GAT
H,2414,ATC
F,2415,TCC
Y,2416,CCT
I,2417,CTT
C,2418,TTG
E,2419,TGG
N,2420,GGC
F,2421,GCT
T,2422,CTT
L,2423,TTT
S,2424,TTC
P,2425,TCT
T,2426,CTG
G,2427,TGG
D,2428,GGA
V,2429,GAC
Y,2430,ACA
C,2431,CAG
T,2432,AGC
R,2433,GCA
H,2434,CAT
C,2435,ATG
L,2436,TGG
S,2437,GGC
N,2438,GCC
I,2439,CCA
S,2440,CAG
D,2441,AGC
P,2442,GCG
F,2443,CGG
I,2444,GGC
F,2445,GCA
N,2446,CAC
L,2447,ACC
C,2448,CCC
S,2449,CCT
K,2450,CTC
D,2451,TCC
R,2452,CCA
S,2453,CAC
T,2454,ACT
D,2455,CTT
H,2456,TTG
Y,2457,TGC
S,2458,GCG
C,2459,CGT
Q,2460,GTG
C,2461,TGG
H,2462,GGG
S,2463,GGG
Y,2464,GGA
A,2465,GAC
D,2466,ACC
M,2467,CCT
R,2468,CTG
E,2469,TGA
L,2470,GAA
R,2471,AAG
Q,2472,AGG
A,2473,GGA
R,2474,GAG
F,2475,AGT
L,2476,GTC
L,2477,TCC
Q,2478,CCC
D,2479,CCT
I,2480,CTG
A,2481,TGA
L,2482,GAG
E,2483,AGG
I,2484,GGA
F,2485,GAC
F,2486,ACC
H,2487,CCA
N,2488,CAA
G,2489,AAG
Y,2490,AGC
S,2491,GCA
K,2492,CAG
F,2493,AGG
L,2494,GGG
V,2495,GGG
F,2496,GGC
Y,2497,GCC
N,2498,CCG
N,2499,CGG
D,2500,GGT
R,2501,GTT
S,2502,TTG
K,2503,TGT
A,2504,GTG
F,2505,TGG
K,2506,GGA
S,2507,GAT
F,2508,ATG
C,2509,TGT
S,2510,GTT
F,2511,TTC
Q,2512,TCA
P,2513,CAG
S,2514,AGA
L,2515,GAA
K,2516,AAG
G,2517,AGG
K,2518,GGG
A,2519,GGA
T,2520,GAG
S,2521,AGA
E,2522,GAA
D,2523,AAA
T,2524,AAC
L,2525,ACT
S,2526,CTG
L,2527,TGG
R,2528,GGC
R,2529,GCA
Y,2530,CAG
P,2531,AGT
G,2532,GTG
S,2533,TGA
D,2534,GAC
R,2535,ACC
I,2536,CCC
M,2537,CCC
L,2538,CCC
Q,2539,CCA
K,2540,CAA
W,2541,AAC
Q,2542,ACG
K,2543,CGC
R,2544,GCA
D,2545,CAA
I,2546,AAC
S,2547,ACT
N,2548,CTT
F,2549,TTC
E,2550,TCA
Y,2551,CAA
L,2552,AAG
M,2553,AGC
Y,2554,GCA
L,2555,CAG
N,2556,AGT
T,2557,GTG
A,2558,TGG
A,2559,GGC
G,2560,GCC
R,2561,CCA
T,2562,CAG
C,2563,AGA
N,2564,GAC
D,2565,ACC
Y,2566,CCT
M,2567,CTG
Q,2568,TGG
Y,2569,GGA
P,2570,GAG
V,2571,AGG
F,2572,GGA
P,2573,GAG
W,2574,AGA
V,2575,GAG
L,2576,AGG
A,2577,GGA
D,2578,GAT
Y,2579,ATG
T,2580,TGG
S,2581,GGA
E,2582,GAT
T,2583,ATG
L,2584,TGA
N,2585,GAG
L,2586,AGG
A,2587,GGG
N,2588,GGA
P,2589,GAG
K,2590,AGA
I,2591,GAT
F,2592,ATG
R,2593,TGC
D,2594,GCT
L,2595,CTG
S,2596,TGC
K,2597,GCA
P,2598,CAA
M,2599,AAT
G,2600,ATC
A,2601,TCA
Q,2602,CAT
T,2603,ATG
K,2604,TGC
E,2605,GCA
R,2606,CAT
K,2607,ATC
L,2608,TCC
K,2609,CCC
F,2610,CCG
I,2611,CGG
Q,2612,GGG
R,2613,GGG
F,2614,GGT
K,2615,GTC
E,2616,TCG
V,2617,CGT
E,2618,GTG
K,2619,TGT
T,2620,GTG
E,2621,TGC
G,2622,GCA
D,2623,CAT
M,2624,ATC
T,2625,TCA
V,2626,CAT
Q,2627,ATG
C,2628,TGG
H,2629,GGT
Y,2630,GTG
Y,2631,TGA
T,2632,GAG
H,2633,AGG
Y,2634,GGC
S,2635,GCT
S,2636,CTG
A,2637,TGC
I,2638,GCT
I,2639,CTG
V,2640,TGC
A,2641,GCC
S,2642,CCT
Y,2643,CTC
L,2644,TCG
V,2645,CGG
R,2646,GGT
M,2647,GTT
P,2648,TTG
P,2649,TGT
F,2650,GTA
T,2651,TAC
Q,2652,ACC
A,2653,CCA
F,2654,CAT
C,2655,ATG
A,2656,TGA
L,2657,GAA
Q,2658,AAG
G,2659,AGA
G,2660,GAT
S,2661,ATC
F,2662,TCA
D,2663,CAC
V,2664,ACC
A,2665,CCC
D,2666,CCA
R,2667,CAC
M,2668,ACA
F,2669,CAG
H,2670,AGC
S,2671,GCT
V,2672,CTT
K,2673,TTT
S,2674,TTC
T,2675,TCC
W,2676,CCG
E,2677,CGA
S,2678,GAG
A,2679,AGG
S,2680,GGA
R,2681,GAG
E,2682,AGA
N,2683,GAT
M,2684,ATC
S,2685,TCC
D,2686,CCA
V,2687,CAG
R,2688,AGT
E,2689,GTG
L,2690,TGC
T,2691,GCT
P,2692,CTC
E,2693,TCC
F,2694,CCC
F,2695,CCT
Y,2696,CTG
L,2697,TGG
P,2698,GGC
E,2699,GCC
F,2700,CCA
L,2701,CAG
T,2702,AGT
N,2703,GTC
C,2704,TCA
N,2705,CAT
G,2706,ATA
V,2707,TAT
E,2708,ATC
F,2709,TCC
G,2710,CCA
C,2711,CAG
M,2712,AGT
Q,2713,GTC
D,2714,TCC
G,2715,CCC
T,2716,CCT
V,2717,CTG
L,2718,TGG
G,2719,GGT
D,2720,GTG
V,2721,TGA
Q,2722,GAA
L,2723,AAG
P,2724,AGT
P,2725,GTC
W,2726,TCG
A,2727,CGG
D,2728,GGA
G,2729,GAG
D,2730,AGA
P,2731,GAA
R,2732,AAG
K,2733,AGA
F,2734,GAA
I,2735,AAC
S,2736,ACC
L,2737,CCG
H,2738,CGC
R,2739,GCC
K,2740,CCA
A,2741,CAG
L,2742,AGG
E,2743,GGT
S,2744,GTC
D,2745,TCA
F,2746,CAT
V,2747,ATG
S,2748,TGT
A,2749,GTG
N,2750,TGC
L,2751,GCG
H,2752,CGA
H,2753,GAA
W,2754,AAG
I,2755,AGC
D,2756,GCA
L,2757,CAG
I,2758,AGG
F,2759,GGC
G,2760,GCT
Y,2761,CTT
K,2762,TTG
Q,2763,TGC
Q,2764,GCT
G,2765,CTT
P,2766,TTG
A,2767,TGG
A,2768,GGG
V,2769,GGA
D,2770,GAC
A,2771,ACC
V,2772,CCC
N,2773,CCT
I,2774,CTC
F,2775,TCA
H,2776,CAT
P,2777,ATG
Y,2778,TGG
F,2779,GGC
Y,2780,GCC
G,2781,CCT
D,2782,CTC
R,2783,TCC
M,2784,CCT
D,2785,CTG
L,2786,TGC
S,2787,GCC
S,2788,CCA
I,2789,CAC
T,2790,ACA
D,2791,CAG
P,2792,AGG
L,2793,GGG
I,2794,GGC
K,2795,GCC
S,2796,CCC
T,2797,CCT
I,2798,CTG
L,2799,TGG
G,2800,GGT
F,2801,GTC
V,2802,TCA
S,2803,CAC
N,2804,ACC
F,2805,CCA
G,2806,CAG
Q,2807,AGT
V,2808,GTG
P,2809,TGG
K,2810,GGC
Q,2811,GCA
L,2812,CAG
F,2813,AGC
T,2814,GCC
K,2815,CCC
P,2816,CCC
H,2817,CCC
P,2818,CCT
A,2819,CTC
R,2820,TCC
T,2821,CCA
A,2822,CAC
A,2823,ACT
G,2824,CTC
K,2825,TCA
P,2826,CAC
L,2827,ACG
P,2828,CGC
G,2829,GCC
K,2830,CCT
D,2831,CTC
V,2832,TCA
S,2833,CAT
T,2834,ATC
P,2835,TCA
V,2836,CAG
S,2837,AGG
L,2838,GGA
P,2839,GAT
G,2840,ATC
H,2841,TCT
P,2842,CTT
Q,2843,TTT
P,2844,TTG
F,2845,TGA
F,2846,GAG
Y,2847,AGA
S,2848,GAA
L,2849,AAG
Q,2850,AGC
S,2851,GCT
L,2852,CTC
R,2853,TCG
P,2854,CGC
S,2855,GCT
Q,2856,CTT
V,2857,TTC
T,2858,TCC
V,2859,CCC
K,2860,CCA
D,2861,CAG
M,2862,AGG
Y,2863,GGC
L,2864,GCC
F,2865,CCA
S,2866,CAT
L,2867,ATT
G,2868,TTG
S,2869,TGA
E,2870,GAA
S,2871,AAC
P,2872,ACC
K,2873,CCG
G,2874,CGG
A,2875,GGA
I,2876,GAT
G,2877,ATG
H,2878,TGT
I,2879,GTG
V,2880,TGC
S,2881,GCT
T,2882,CTA
E,2883,TAA
K,2884,AAG
T,2885,AGA
I,2886,GAC
L,2887,ACA
A,2888,CAG
V,2889,AGT
E,2890,GTT
R,2891,TTT
N,2892,TTC
K,2893,TCT
V,2894,CTA
L,2895,TAG
L,2896,AGG
P,2897,GGT
P,2898,GTC
L,2899,TCT
W,2900,CTT
N,2901,TTG
R,2902,TGG
T,2903,GGA
F,2904,GAA
S,2905,AAT
W,2906,ATT
G,2907,TTC
F,2908,TCC
D,2909,CCC
D,2910,CCT
F,2911,CTC
S,2912,TCA
C,2913,CAT
C,2914,ATC
L,2915,TCT
G,2916,CTC
S,2917,TCT
Y,2918,CTG
G,2919,TGT
S,2920,GTC
D,2921,TCG
K,2922,CGG
V,2923,GGC
L,2924,GCC
M,2925,CCA
T,2926,CAC
F,2927,ACA
E,2928,CAA
N,2929,AAC
L,2930,ACA
A,2931,CAA
A,2932,AAA
W,2933,AAA
G,2934,AAA
R,2935,AAT
C,2936,ATC
L,2937,TCC
C,2938,CCT
A,2939,CTT
V,2940,TTG
C,2941,TGA
P,2942,GAT
S,2943,ATT
P,2944,TTC
T,2945,TCA
T,2946,CAT
I,2947,ATC
V,2948,TCT
T,2949,CTC
S,2950,TCA
G,2951,CAC
T,2952,ACA
S,2953,CAC
T,2954,ACA
V,2955,CAC
V,2956,ACA
C,2957,CAC
V,2958,ACA
W,2959,CAG
E,2960,AGA
L,2961,GAG
S,2962,AGG
M,2963,GGC
T,2964,GCA
K,2965,CAA
G,2966,AAC
R,2967,ACC
P,2968,CCC
R,2969,CCT
G,2970,CTG
L,2971,TGG
R,2972,GGG
L,2973,GGT
R,2974,GTG
Q,2975,TGC
A,2976,GCT
L,2977,CTC
Y,2978,TCA
G,2979,CAG
H,2980,AGG
T,2981,GGG
Q,2982,GGT
A,2983,GTC
V,2984,TCA
T,2985,CAC
C,2986,ACA
L,2987,CAG
A,2988,AGA
A,2989,GAC
S,2990,ACT
V,2991,CTG
T,2992,TGC
F,2993,GCA
S,2994,CAC
L,2995,ACA
L,2996,CAG
V,2997,AGG
S,2998,GGG
G,2999,GGC
S,3000,GCT
Q,3001,CTT
D,3002,TTG
C,3003,TGG
T,3004,GGC
C,3005,GCT
I,3006,CTG
L,3007,TGA
W,3008,GAG
D,3009,AGG
L,3010,GGG
D,3011,GGG
H,3012,GGC
L,3013,GCC
T,3014,CCC
H,3015,CCT
V,3016,CTG
T,3017,TGG
R,3018,GGC
L,3019,GCC
P,3020,CCA
A,3021,CAG
H,3022,AGC
R,3023,GCT
E,3024,CTG
G,3025,TGC
I,3026,GCC
S,3027,CCC
A,3028,CCC
I,3029,CCA
T,3030,CAG
I,3031,AGA
S,3032,GAT
D,3033,ATG
V,3034,TGC
S,3035,GCT
G,3036,CTG
T,3037,TGG
I,3038,GGG
V,3039,GGC
S,3040,GCT
C,3041,CTG
A,3042,TGC
G,3043,GCA
A,3044,CAC
H,3045,ACC
L,3046,CCC
S,3047,CCT
L,3048,CTG
W,3049,TGG
N,3050,GGA
V,3051,GAG
N,3052,AGT
G,3053,GTC
Q,3054,TCA
P,3055,CAC
L,3056,ACA
A,3057,CAC
S,3058,ACA
I,3059,CAG
T,3060,AGG
T,3061,GGC
A,3062,GCC
W,3063,CCC
G,3064,CCC
P,3065,CCG
E,3066,CGC
G,3067,GCA
A,3068,CAG
I,3069,AGC
T,3070,GCC
C,3071,CCC
C,3072,CCT
C,3073,CTT
L,3074,TTG
M,3075,TGG
E,3076,GGG
G,3077,GGG
P,3078,GGG
A,3079,GGA
W,3080,GAA
D,3081,AAT
T,3082,ATC
S,3083,TCC
Q,3084,CCC
I,3085,CCA
I,3086,CAG
I,3087,AGG
T,3088,GGA
G,3089,GAT
S,3090,ATT
Q,3091,TTC
D,3092,TCA
G,3093,CAA
M,3094,AAC
V,3095,ACT
R,3096,CTA
V,3097,TAC
W,3098,ACT
K,3099,CTG
T,3100,TGC
E,3101,GCT
D,3102,CTC
V,3103,TCT
K,3104,CTT
M,3105,TTC
S,3106,TCA
V,3107,CAG
P,3108,AGA
G,3109,GAC
R,3110,ACG
P,3111,CGG
A,3112,GGC
G,3113,GCG
E,3114,CGC
E,3115,GCT
P,3116,CTG
P,3117,TGA
A,3118,GAG
Q,3119,AGC
P,3120,GCC
P,3121,CCT
S,3122,CTC
P,3123,TCA
R,3124,CAT
G,3125,ATC
H,3126,TCT
K,3127,CTC
W,3128,TCC
E,3129,CCA
K,3130,CAT
N,3131,ATG
L,3132,TGA
A,3133,GAC
L,3134,ACC
S,3135,CCT
R,3136,CTC
E,3137,TCC
L,3138,CCC
D,3139,CCC
V,3140,CCA
S,3141,CAC
I,3142,ACG
A,3143,CGC
L,3144,GCA
T,3145,CAA
G,3146,AAC
K,3147,ACC
P,3148,CCT
S,3149,CTG
K,3150,TGC
T,3151,GCA
S,3152,CAG
P,3153,AGC
A,3154,GCC
V,3155,CCT
T,3156,CTC
A,3157,TCA
L,3158,CAG
A,3159,AGA
V,3160,GAG
S,3161,AGG
R,3162,GGG
N,3163,GGC
H,3164,GCA
T,3165,CAG
K,3166,AGC
L,3167,GCC
L,3168,CCC
V,3169,CCT
G,3170,CTG
D,3171,TGG
E,3172,GGC
R,3173,GCC
G,3174,CCC
R,3175,CCC
I,3176,CCA
F,3177,CAT
C,3178,ATC
W,3179,TCG
S,3180,CGT
A,3181,GTT
D,3182,TTT
G,3183,TTG
